,Date,nortech,ff,uaf,mastellar,uaf_engineering,gillam,Mean
42,2011-10-01,,679.0350877192983,,,,,679.0350877192983
43,2011-11-01,,700.4877192982457,,,,,700.4877192982457
44,2011-12-01,,701.6105263157896,,,,,701.6105263157896
45,2012-01-01,,701.4456140350877,,,,,701.4456140350877
46,2012-02-01,,696.6631578947369,,,,,696.6631578947369
47,2012-03-01,,694.3561403508771,,,,,694.3561403508771
48,2012-04-01,,662.9543859649123,,,,,662.9543859649123
49,2012-05-01,,667.7087719298246,,,,,667.7087719298246
50,2012-06-01,,652.4912280701755,,,,,652.4912280701755
51,2012-07-01,,658.2754385964912,,,,,658.2754385964912
52,2012-08-01,,652.7052631578948,,,,,652.7052631578948
53,2012-09-01,,651.880701754386,,,,,651.880701754386
54,2012-10-01,,636.5614035087718,,,,,636.5614035087718
55,2012-11-01,,640.2333333333333,,,,,640.2333333333333
56,2012-12-01,,646.6578947368421,,,,,646.6578947368421
57,2013-01-01,,646.9000000000001,,,,,646.9000000000001
58,2013-02-01,,647.159649122807,,,,,647.159649122807
59,2013-03-01,,648.6070175438597,,,,,648.6070175438597
60,2013-04-01,,657.2105263157895,,,,,657.2105263157895
61,2013-05-01,,663.1947368421053,,,,,663.1947368421053
62,2013-06-01,,680.5070175438597,,,,,680.5070175438597
63,2013-07-01,,691.1543859649123,,,,,691.1543859649123
64,2013-08-01,,702.4771929824561,,,,,702.4771929824561
65,2013-09-01,,708.059649122807,,,,,708.059649122807
66,2013-10-01,,707.9964912280701,,,,,707.9964912280701
67,2013-11-01,,693.3719298245612,,,,,693.3719298245612
68,2013-12-01,,689.6438596491228,,,,,689.6438596491228
69,2014-01-01,,689.7210526315788,,,,,689.7210526315788
70,2014-02-01,,694.5684210526315,,,,,694.5684210526315
71,2014-03-01,,716.2807017543859,,,,,716.2807017543859
72,2014-04-01,,730.7070175438596,,,,,730.7070175438596
73,2014-05-01,,722.1666666666667,,,,,722.1666666666667
74,2014-06-01,,701.0122807017544,,,,,701.0122807017544
75,2014-07-01,,685.4771929824561,,,,,685.4771929824561
76,2014-08-01,,668.3263157894737,,,,,668.3263157894737
77,2014-09-01,,665.8368421052633,,,,,665.8368421052633
78,2014-10-01,,693.8929824561404,,,,,693.8929824561404
79,2014-11-01,,700.5228070175439,,,,779.9368571428571,700.5228070175439
80,2014-12-01,,709.5122807017543,,,,793.0160000000002,709.5122807017543
81,2015-01-01,,709.1508771929823,,,,793.0088571428572,709.1508771929823
82,2015-02-01,,706.4526315789474,,,,791.7957142857142,706.4526315789474
83,2015-03-01,,684.3649122807017,,,,796.0139999999999,684.3649122807017
84,2015-04-01,,663.9228070175438,,,,812.4948571428571,663.9228070175438
85,2015-05-01,,648.1035087719298,,,,811.9745714285712,648.1035087719298
86,2015-06-01,,667.2719298245613,,,,836.0820000000001,667.2719298245613
87,2015-07-01,,673.1631578947369,,,,848.0191428571428,673.1631578947369
88,2015-08-01,,683.1350877192982,706.8477540177515,,,858.6677142857142,683.1350877192982
89,2015-09-01,,662.1842105263158,764.4295883372782,,,832.3505714285714,662.1842105263158
90,2015-10-01,,638.4456140350877,832.8772732485209,,,804.7828571428572,638.4456140350877
0,2015-11-01,1223.0787878787878,648.2508771929824,901.9831966508876,,,806.1311428571429,648.2508771929824
1,2015-12-01,1222.0954545454547,635.7929824561403,911.4286293431953,,,793.0788571428574,635.7929824561403
2,2016-01-01,1222.8833333333334,636.219298245614,916.7486889822486,,,793.0605714285715,636.219298245614
3,2016-02-01,1221.0212121212123,635.5421052631579,910.2086224142013,,,793.0728571428572,635.5421052631579
4,2016-03-01,1245.0136363636361,652.3157894736842,932.7409892781064,,,797.2954285714285,652.3157894736842
5,2016-04-01,1234.368181818182,638.5842105263158,913.6694951952662,,,817.2128571428572,638.5842105263158
6,2016-05-01,1204.8727272727274,638.9245614035088,915.5714922366865,,,811.4645714285715,638.9245614035088
7,2016-06-01,1154.3060606060608,618.5087719298245,893.1840662011834,,,782.7837142857144,618.5087719298245
8,2016-07-01,1152.7560606060608,618.0175438596491,900.5832673846154,,,778.2794285714286,618.0175438596491
9,2016-08-01,1141.8484848484852,614.1473684210525,892.298452295858,,,773.3431428571429,614.1473684210525
10,2016-09-01,1178.2787878787879,637.1543859649122,918.6807451952664,,,799.8122857142856,637.1543859649122
11,2016-10-01,1190.966666666667,645.6543859649122,933.8239700473372,,1049.2161904761906,809.6662857142857,645.6543859649122
12,2016-11-01,1181.7606060606063,668.0105263157894,975.4752866153846,,1181.1523809523808,837.5288571428572,668.0105263157894
13,2016-12-01,1190.2333333333336,672.0543859649123,991.5904345443787,,1198.4180952380952,843.896,672.0543859649123
14,2017-01-01,1189.7227272727273,671.8947368421053,995.0126793609468,,1200.1190476190477,843.9171428571428,671.8947368421053
15,2017-02-01,1183.7348484848485,670.8070175438597,987.9003679704142,,1191.5266666666666,843.8705714285713,670.8070175438597
16,2017-03-01,1156.0848484848484,654.4245614035088,962.5341475562132,,1161.6066666666668,833.8908571428572,654.4245614035088
17,2017-04-01,1201.4712121212121,686.5684210526316,1014.7883635325445,,1208.5,733.9794285714286,686.5684210526316
18,2017-05-01,1261.468181818182,705.2929824561403,1031.4371061360948,,1226.3228571428572,750.1577142857143,705.2929824561403
19,2017-06-01,1296.539393939394,710.4368421052632,1040.1307156035502,,1237.692380952381,757.5774285714285,710.4368421052632
20,2017-07-01,1333.0257575757578,723.4877192982456,1056.8703457810652,,1258.1276190476192,779.1071428571429,723.4877192982456
21,2017-08-01,1358.7878787878788,734.8578947368421,1072.2101460769231,,1276.9304761904762,795.3962857142858,734.8578947368421
22,2017-09-01,1323.7106060606063,720.6684210526316,1052.487246668639,,1255.0514285714287,781.7694285714285,720.6684210526316
23,2017-10-01,1318.7454545454548,713.4263157894737,1042.362601698225,,1242.8714285714286,772.6182857142858,713.4263157894737
24,2017-11-01,1293.4393939393938,666.3333333333334,966.1862185621303,,1151.5085714285715,727.6837142857142,666.3333333333334
25,2017-12-01,1286.2878787878788,661.1157894736842,948.3810447455622,,1133.5352380952381,721.571142857143,661.1157894736842
26,2018-01-01,1285.9893939393944,660.9122807017543,941.0874181775149,,1125.9742857142858,721.5500000000001,660.9122807017543
27,2018-02-01,1287.6530303030304,662.1754385964912,947.6738364437871,,1132.5019047619048,721.534857142857,662.1754385964912
28,2018-03-01,1288.8515151515155,661.1140350877192,951.4442728343196,,1135.1152380952383,721.5299999999999,661.1140350877192
29,2018-04-01,1212.5318181818182,628.0017543859649,892.0301160295858,,1075.307619047619,721.6668571428571,628.0017543859649
30,2018-05-01,1169.2136363636364,634.1192982456139,899.3457077455621,,1077.347619047619,687.2262857142857,634.1192982456139
31,2018-06-01,1149.7257575757578,628.1947368421053,890.9348941360947,,1065.4,682.0608571428571,628.1947368421053
32,2018-07-01,1112.587878787879,613.980701754386,874.9030524201183,823.2474052432432,1044.6742857142858,660.8897142857143,613.980701754386
33,2018-08-01,1130.9303030303033,618.1368421052632,883.1028231301776,877.2003782162161,1054.4180952380952,667.7817142857144,618.1368421052632
34,2018-09-01,1102.8666666666668,599.2210526315789,862.6521315621302,858.3167084324324,1028.1771428571428,642.9057142857143,599.2210526315789
35,2018-10-01,1106.4454545454546,600.2508771929824,862.6557188402368,920.7451417027028,1029.3180952380953,645.4171428571428,600.2508771929824
36,2018-11-01,1133.4045454545455,621.2771929824561,891.8168726863906,917.7600445675675,1065.8057142857142,665.5342857142857,621.2771929824561
37,2018-12-01,1135.7969696969697,628.6771929824562,903.5850383668641,917.5875656756756,1079.8247619047618,674.2265714285714,628.6771929824562
38,2019-01-01,1135.389393939394,628.6157894736842,902.5339043964498,916.2085946216217,1079.3714285714286,674.2391428571428,628.6157894736842
39,2019-02-01,1133.9575757575756,629.5561403508772,902.8040800650889,912.6599459729731,1080.8780952380953,674.2922857142858,629.5561403508772
40,2019-03-01,1139.730303030303,635.8245614035087,899.5701969289942,920.8716393783785,1080.1114285714286,674.3548571428572,635.8245614035087
41,2019-04-01,1144.730303030303,621.4,884.5827043254438,892.8783285675677,1068.550476190476,723.8557142857143,621.4
